Prod	Dates	Maturite	MaturiteMonth	End_Date	ESTR	EURx1M	EURx3M	EURx6M	EURx1Y	ESTRx1M	ESTRx3M	ESTRx6M	ESTRx1Y	ESTRxESTRS	3Mx1M	3Mx6M	3Mx1Y	3MxESTR	3MxESTRS
Prod1	30/09/2025	1D	0,033333333	45931	1,927	1,928948322	2,031942656	2,095938987	2,192933209	-6,7	-6,7	-6,7	-6,7	8,5	-10,2994334	6,399633098	16,09905533	6,7	15,2
Prod1	30/09/2025	2D	0,066666667	45932	1,927	1,928948322	2,031942656	2,095938987	2,192933209	-5,695	-5,695	-5,695	-5,695	8,5	-10,2994334	6,399633098	16,09905533	5,695	14,195
Prod1	30/09/2025	3D	0,1	45933	1,927	1,943205947	2,037231918	2,06194862	2,193092278	-3,1975	-3,1975	-3,1975	-3,1975	8,5	-9,402597035	2,471670254	15,58603608	3,1975	11,6975
Prod1	30/09/2025	1W	0,233333333	45939	1,927	1,972045219	2,048159938	1,99429934	2,193811379	-0,7	-0,7	-0,7	-0,7	8,5	-7,611471885	-5,386059789	14,56514413	0,7	9,2
Prod1	30/09/2025	2W	0,466666667	45946	1,9278	1,956547398	2,048974658	1,992264168	2,194650747	-0,432	0,655	0,214	0,04	8,5	-9,242726091	-5,671049087	14,56760886	-0,655	7,845
Prod1	30/09/2025	3W	0,7	45953	1,9279	1,945136484	2,048970656	1,997384974	2,195490565	-0,129	2,302	1,364	1,034	8,5	-10,3834172	-5,158568188	14,6519909	-2,302	6,198
Prod1	30/09/2025	1M	1	45964	1,9281	1,929	2,049543855	2,001558961	2,19681119	0,09	4,694	3,163	2,634	8,5	-12,05438548	-4,798489371	14,72673349	-4,694	3,806
Prod1	30/09/2025	2M	2	45993	1,929	1,96188	2,034944261	2,00735891	2,200298177	0,062	9,016	7,42	6,669	8,5	-7,306426127	-2,758535123	16,53539155	-9,016	-0,516
Prod1	30/09/2025	3M	3	46024	1,928	1,96954	2,032	2,04532236	2,20403423	-0,159	10,4	11,286	10,785	8,5	-6,246	1,332235976	17,20342303	-10,4	-1,9
Prod1	30/09/2025	4M	4	46055	1,924	1,97013	2,035645858	2,074482427	2,207779183	-0,25	9,211	14,503	14,761	8,5	-6,551585756	3,883656974	17,2133325	-9,211	-0,711
Prod1	30/09/2025	5M	5	46083	1,922	1,93067	2,033178915	2,089364584	2,211169392	-0,496	10,477	16,421	17,804	8,5	-10,2508915	5,618566853	17,79904774	-10,477	-1,977
Prod1	30/09/2025	6M	6	46114	1,918	1,9347	2,030010433	2,096	2,21493136	-0,537	11,201	17,8	20,919	8,5	-9,531043297	6,598956703	18,49209269	-11,201	-2,701
Prod1	30/09/2025	7M	7	46146	1,911	1,92779	2,027259527	2,086659547	2,218824103	-0,208	10,483	17,514	23,905	8,5	-9,946952692	5,94000201	19,15645758	-10,483	-1,983
Prod1	30/09/2025	8M	8	46175	1,907	1,93123	2,024020172	2,085476042	2,222360194	-0,058	11,275	17,699	25,956	8,5	-9,279017209	6,145587034	19,83400224	-11,275	-2,775
Prod1	30/09/2025	9M	9	46205	1,903	1,92706	2,020955642	2,086185461	2,21523481	0,175	11,758	18,109	27,639	8,5	-9,389564248	6,522981818	19,42791678	-11,758	-3,258
Prod1	30/09/2025	10M	10	46237	1,899	1,93076	2,019386765	2,090778792	2,210465435	0,505	11,199	18,884	28,93	8,5	-8,862676504	7,13920273	19,10786702	-11,199	-2,699
Prod1	30/09/2025	11M	11	46267	1,896	1,93495	2,017132959	2,093125013	2,203335735	0,845	11,771	19,485	29,615	8,5	-8,218295883	7,599205425	18,62027766	-11,771	-3,271
Prod1	30/09/2025	1Y	12	46297	1,895	1,93222	2,042738745	2,122898521	2,193	1,099	12,026	19,904	29,671	8,5	-11,05187447	8,015977645	15,02612553	-12,026	-3,526
Prod1	30/09/2025	15M	15	46391	1,8885	1,963093822	2,040734265	2,116640542	2,231868243	1,392	12,178	19,508	26,455	8,5	-7,764044304	7,590627769	19,1133978	-12,178	-3,678
Prod1	30/09/2025	18M	18	46479	1,894	1,961342973	2,03842	2,123579096	2,233621305	1,357	11,976	20,251	27,274	8,5	-7,707702671	8,515909647	19,52013054	-11,976	-3,476
Prod1	30/09/2025	21M	21	46570	1,9064	1,96562378	2,05462	2,138764588	2,242626328	1,825	12,194	20,477	29,225	8,5	-8,899622004	8,414458849	18,80063283	-12,194	-3,694
Prod1	30/09/2025	2Y	24	46664	1,9255	1,97377	2,07706	2,158395983	2,256089617	2,156	12,367	20,354	29,88	8,5	-10,329	8,133598303	17,90296165	-12,367	-3,867
Prod1	30/09/2025	3Y	36	47028	2,0084	2,06435	2,16266	2,24	2,3388	2,661	12,369	19,924	29,539	8,5	-9,831	7,734	17,614	-12,369	-3,869
Prod1	30/09/2025	4Y	48	47393	2,09	2,14679	2,2411	2,31545	2,41725	2,61	11,926	19,226	29,097	8,5	-9,431	7,435	17,615	-11,926	-3,426
Prod1	30/09/2025	5Y	60	47758	2,166	2,22312	2,31344	2,3838	2,48759	2,562	11,484	18,391	28,46	8,5	-9,032	7,036	17,415	-11,484	-2,984
Prod1	30/09/2025	6Y	72	48123	2,239	2,3	2,38283	2,4497	2,55848	2,861	11,043	17,626	28,166	8,5	-8,283	6,687	17,565	-11,043	-2,543
Prod1	30/09/2025	7Y	84	48491	2,308	2,37148	2,45032	2,5122	2,62697	2,951	10,736	16,873	27,949	8,5	-7,884	6,188	17,665	-10,736	-2,236
Prod1	30/09/2025	8Y	96	48855	2,374	2,43837	2,51421	2,5711	2,69385	3,053	10,543	16,077	28,047	8,5	-7,584	5,689	17,964	-10,543	-2,043
Prod1	30/09/2025	9Y	108	49219	2,437	2,50325	2,5756	2,627	2,75674	3,073	10,218	15,351	27,869	8,5	-7,235	5,14	18,114	-10,218	-1,718
Prod1	30/09/2025	10Y	120	49584	2,497	2,56313	2,63299	2,6779	2,81562	3,1	9,998	14,38	27,794	8,5	-6,986	4,491	18,263	-9,998	-1,498
Prod1	30/09/2025	11Y	132	49950	2,551	2,62321	2,68708	2,726	2,87171	3,562	9,865	13,665	27,851	8,5	-6,387	3,892	18,463	-9,865	-1,365
Prod1	30/09/2025	12Y	144	50315	2,599	2,67299	2,73437	2,7678	2,92149	3,632	9,688	12,997	27,917	8,5	-6,138	3,343	18,712	-9,688	-1,188
Prod1	30/09/2025	13Y	156	50682	2,64144	2,720946667	2,77584	2,80478	2,964126667	4,160666667	9,572333333	12,412	27,91366667	8,5	-5,489333333	2,894	18,82866667	-9,572333333	-1,072333333
Prod1	30/09/2025	14Y	168	51046	2,67738	2,763623333	2,81203	2,83648	3,001483333	4,689333333	9,456666667	11,953	27,91033333	8,5	-4,840666667	2,445	18,94533333	-9,456666667	-0,956666667
Prod1	30/09/2025	15Y	180	51411	2,708	2,80007	2,84199	2,86195	3,03261	5,218	9,341	11,361	27,907	8,5	-4,192	1,996	19,062	-9,341	-0,841
Prod1	30/09/2025	16Y	192	51776	2,73249	2,826046	2,863574	2,88074	3,055192	5,4225	9,1105	10,782	27,7755	8,5	-3,7528	1,7166	19,1618	-9,1105	-0,6105
Prod1	30/09/2025	17Y	204	52141	2,75138	2,847782	2,880918	2,89529	3,073534	5,627	8,88	10,33	27,644	8,5	-3,3136	1,4372	19,2616	-8,88	-0,38
Prod1	30/09/2025	18Y	216	52506	2,76525	2,865878	2,894622	2,9062	3,088236	6,058	8,875	10,023	27,73566667	8,5	-2,8744	1,1578	19,3614	-8,875	-0,375
Prod1	30/09/2025	19Y	228	52873	2,77566	2,881124	2,905476	2,91426	3,100088	6,489	8,87	9,669	27,82733333	8,5	-2,4352	0,8784	19,4612	-8,87	-0,37
Prod1	30/09/2025	20Y	240	53237	2,784	2,89315	2,91311	2,9191	3,10872	6,92	8,865	9,409	27,919	8,5	-1,996	0,599	19,561	-8,865	-0,365
Prod1	30/09/2025	21Y	252	53602	2,78782	2,899442	2,916708	2,921	3,112416	7,0944	8,7726	9,132	27,8374	8,5	-1,7266	0,4292	19,5708	-8,7726	-0,2726
Prod1	30/09/2025	22Y	264	53967	2,79054	2,903364	2,917936	2,92053	3,113742	7,2688	8,6802	8,819	27,7558	8,5	-1,4572	0,2594	19,5806	-8,6802	-0,1802
Prod1	30/09/2025	23Y	276	54333	2,79171	2,906136	2,918014	2,91891	3,113918	7,4432	8,5878	8,525	27,6742	8,5	-1,1878	0,0896	19,5904	-8,5878	-0,0878
Prod1	30/09/2025	24Y	288	54700	2,79174	2,908038	2,917222	2,91642	3,113224	7,6176	8,4954	8,283	27,5926	8,5	-0,9184	-0,0802	19,6002	-8,4954	0,0046
Prod1	30/09/2025	25Y	300	55064	2,792	2,91001	2,9165	2,914	3,1126	7,792	8,403	8,108	27,511	8,5	-0,649	-0,25	19,61	-8,403	0,097
Prod1	30/09/2025	26Y	312	55428	2,7906	2,910054	2,915246	2,91145	3,110848	7,8932	8,3758	7,952	27,4352	8,5	-0,5192	-0,3796	19,5602	-8,3758	0,1242
Prod1	30/09/2025	27Y	324	55794	2,7892	2,909898	2,913792	2,9087	3,108896	7,9944	8,3486	7,796	27,3594	8,5	-0,3894	-0,5092	19,5104	-8,3486	0,1514
Prod1	30/09/2025	28Y	336	56159	2,7878	2,909322	2,911918	2,90553	3,106524	8,0956	8,3214	7,64	27,2836	8,5	-0,2596	-0,6388	19,4606	-8,3214	0,1786
Prod1	30/09/2025	29Y	348	56524	2,7864	2,908656	2,909954	2,90227	3,104062	8,1968	8,2942	7,484	27,2078	8,5	-0,1298	-0,7684	19,4108	-8,2942	0,2058
Prod1	30/09/2025	30Y	360	56891	2,785	2,90798	2,90798	2,899	3,10159	8,298	8,267	7,328	27,132	8,5	0	-0,898	19,361	-8,267	0,233
Prod1	30/09/2025	35Y	420	58718	2,775	2,90415	2,894675	2,8822	3,08878	8,166	7,741	6,514	25,879	8,5	0,9475	-1,2475	19,4105	-7,741	0,759
Prod1	30/09/2025	40Y	480	60542	2,765	2,89692	2,87797	2,862	3,07257	8,004	7,187	5,684	24,598	8,5	1,895	-1,597	19,46	-7,187	1,313
Prod1	30/09/2025	50Y	600	64194	2,723	2,86586	2,82646	2,805	3,02355	7,274	6,311	4,271	22,708	8,5	3,94	-2,146	19,709	-6,311	2,189
Prod1	30/09/2025	60Y	720	67847	2,6873	2,8338	2,77395	2,747	2,97353	7,274	6,311	2,025	22,708	8,5	5,985	-2,695	19,958	-6,311	2,189
Prod2	31/12/2025	1D	0,033333333	46024	1,93	1,938843367	2,025828997	2,106815052	2,242790408	-5	-5	-5	-5	8,5	-8,698563004	8,098605433	21,69614103	5	13,5
Prod2	31/12/2025	2D	0,066666667	46027	1,93	1,938895576	2,025885996	2,106876699	2,242860269	-5,073	-5,073	-5,073	-5,073	8,5	-8,699041976	8,099070262	21,69742728	5,073	13,573
Prod2	31/12/2025	3D	0,1	46028	1,93	1,931463156	1,992407379	1,947139316	2,242425693	-4,2465	-4,2465	-4,2465	-4,2465	8,5	-6,094422289	-4,526806303	25,00183139	4,2465	12,7465
Prod2	31/12/2025	1W	0,233333333	46034	1,9332	1,931435224	1,995662888	1,89065297	2,242549809	-3,42	-3,42	-3,42	-3,42	8,5	-6,422766347	-10,50099182	24,68869212	3,42	11,92
Prod2	31/12/2025	2W	0,466666667	46041	1,9339	1,93470524	2,013635371	1,897632223	2,242694464	-1,737	-2,005	-2,454	-2,557	8,5	-7,8930131	-11,60031481	22,90590932	2,005	10,505
Prod2	31/12/2025	3W	0,7	46048	1,9341	1,936681834	2,021794384	1,910893088	2,242838962	-0,257	-0,35	-1,319	-1,476	8,5	-8,511254988	-11,09012954	22,10445779	0,35	8,85
Prod2	31/12/2025	1M	1	46058	1,9347	1,939	2,031574996	1,916246089	2,243045112	0,43	1,846	0,27	0,076	8,5	-9,257499618	-11,53289072	21,14701162	-1,846	6,654
Prod2	31/12/2025	2M	2	46086	1,9357	1,89519	2,049030883	1,911022987	2,243620616	-0,847	6,547	4,503	4,369	8,5	-15,3840883	-13,80078964	19,45897325	-6,547	1,953
Prod2	31/12/2025	3M	3	46119	1,9348	1,92442	2,026	1,990045466	2,24429563	-1,065	9,12	9,027	9,253	8,5	-10,158	-3,595453443	21,82956303	-9,12	-0,62
Prod2	31/12/2025	4M	4	46147	1,9328	1,92408	2,038984472	2,042041033	2,244865601	-0,92	8,583	12,393	13,163	8,5	-11,49044724	0,305656062	20,58811282	-8,583	-0,083
Prod2	31/12/2025	5M	5	46178	1,9305	1,9378	2,047702495	2,083410841	2,245493667	-0,627	9,841	15,48	17,108	8,5	-10,99024946	3,570834614	19,77911725	-9,841	-1,341
Prod2	31/12/2025	6M	6	46209	1,929	1,93747	2,037056294	2,107	2,246118604	-0,316	10,765	17,8	20,558	8,5	-9,958629444	6,994370556	20,90623091	-10,765	-2,265
Prod2	31/12/2025	7M	7	46239	1,929	1,94763	2,043257542	2,089900968	2,246720394	-0,081	10,253	17,733	23,318	8,5	-9,562754215	4,664342588	20,34628519	-10,253	-1,753
Prod2	31/12/2025	8M	8	46272	1,929	1,95666	2,050502367	2,085377568	2,247378963	0,259	10,959	17,294	25,906	8,5	-9,384236731	3,487520027	19,68765956	-10,959	-2,459
Prod2	31/12/2025	9M	9	46300	1,93	1,95785	2,04580815	2,091968127	2,244604824	0,512	11,524	17,405	27,621	8,5	-8,795814983	4,615997718	19,87966743	-11,524	-3,024
Prod2	31/12/2025	10M	10	46331	1,932	1,96702	2,052762933	2,108929822	2,245355932	0,77	11,221	18,209	29,032	8,5	-8,574293281	5,616688952	19,25929991	-11,221	-2,721
Prod2	31/12/2025	11M	11	46363	1,936	1,97031	2,06058565	2,125976017	2,245802228	0,917	11,554	18,999	29,846	8,5	-9,027564991	6,539036739	18,52165782	-11,554	-3,054
Prod2	31/12/2025	1Y	12	46392	1,94	1,97772	2,086513758	2,170109135	2,243	1,075	11,876	20,058	30,152	8,5	-10,87937579	8,359537738	15,64862421	-11,876	-3,376
Prod2	31/12/2025	15M	15	46482	1,949	2,011582279	2,099446169	2,158790369	2,284579354	0,999	12,821	19,354	26,298	8,5	-8,786388978	5,934420067	18,51331849	-12,821	-4,321
Prod2	31/12/2025	18M	18	46573	1,967	2,026471663	2,10602	2,205011301	2,304206506	0,912	11,621	21,378	27,025	8,5	-7,954833654	9,89913012	19,81865064	-11,621	-3,121
Prod2	31/12/2025	21M	21	46665	1,992	2,046209472	2,13767	2,233501222	2,329582456	1,35	11,762	21,893	29,089	8,5	-9,146052835	9,583122243	19,19124556	-11,762	-3,262
Prod2	31/12/2025	2Y	24	46757	2,019	2,06609	2,17188	2,26286812	2,355412828	1,897	12,353	21,279	30,258	8,5	-10,579	9,098812015	18,35328279	-12,353	-3,853
Prod2	31/12/2025	3Y	36	47123	2,127	2,18639	2,29018	2,379	2,46882	2,768	13,018	21,737	30,415	8,5	-10,379	8,882	17,864	-13,018	-4,518
Prod2	31/12/2025	4Y	48	47490	2,2271	2,28938	2,39268	2,48	2,56683	2,962	13,166	21,738	30,117	8,5	-10,33	8,732	17,415	-13,166	-4,666
Prod2	31/12/2025	5Y	60	47854	2,3175	2,38038	2,48267	2,569	2,65483	2,917	13,025	21,5	29,777	8,5	-10,229	8,633	17,216	-13,025	-4,525
Prod2	31/12/2025	6Y	72	48218	2,4007	2,46537	2,56517	2,651	2,73583	2,996	12,858	21,283	29,459	8,5	-9,98	8,583	17,066	-12,858	-4,358
Prod2	31/12/2025	7Y	84	48584	2,479	2,54687	2,64467	2,7295	2,81732	3,126	12,788	21,111	29,574	8,5	-9,78	8,483	17,265	-12,788	-4,288
Prod2	31/12/2025	8Y	96	48949	2,552	2,62286	2,71867	2,8015	2,89132	3,34	12,806	20,931	29,586	8,5	-9,581	8,283	17,265	-12,806	-4,306
Prod2	31/12/2025	9Y	108	49314	2,616	2,69634	2,78866	2,868	2,96081	4,208	13,327	21,104	30,046	8,5	-9,232	7,934	17,215	-13,327	-4,827
Prod2	31/12/2025	10Y	120	49681	2,6842	2,76333	2,85365	2,929	3,0278	4,003	12,926	20,31	29,843	8,5	-9,032	7,535	17,415	-12,926	-4,426
Prod2	31/12/2025	11Y	132	50045	2,7424	2,82632	2,91314	2,984	3,08879	4,349	12,923	19,861	29,977	8,5	-8,682	7,086	17,565	-12,923	-4,423
Prod2	31/12/2025	12Y	144	50410	2,7974	2,8843	2,96813	3,034	3,14478	4,578	12,856	19,301	30,006	8,5	-8,383	6,587	17,665	-12,856	-4,356
Prod2	31/12/2025	13Y	156	50775	2,84778	2,937403333	3,01691	3,07779	3,194223333	4,976666667	12,82466667	18,592	30,03566667	8,5	-7,950666667	6,088	17,73133333	-12,82466667	-4,324666667
Prod2	31/12/2025	14Y	168	51140	2,88986	2,984826667	3,06001	3,1159	3,237986667	5,375333333	12,79333333	18,15	30,06533333	8,5	-7,518333333	5,589	17,79766667	-12,79333333	-4,293333333
Prod2	31/12/2025	15Y	180	51508	2,9254	3,02624	3,0971	3,148	3,27574	5,774	12,762	17,727	30,095	8,5	-7,086	5,09	17,864	-12,762	-4,262
Prod2	31/12/2025	16Y	192	51872	2,95475	3,058996	3,125564	3,17357	3,304904	6,1295	12,692	17,322	30,093	8,5	-6,6568	4,8006	17,934	-12,692	-4,192
Prod2	31/12/2025	17Y	204	52236	2,97917	3,087792	3,150068	3,19518	3,330108	6,485	12,622	17,018	30,091	8,5	-6,2276	4,5112	18,004	-12,622	-4,122
Prod2	31/12/2025	18Y	216	52601	2,99942	3,112798	3,170782	3,213	3,351522	6,931	12,641	16,758	30,17633333	8,5	-5,7984	4,2218	18,074	-12,641	-4,141
Prod2	31/12/2025	19Y	228	52967	3,01602	3,134474	3,188166	3,22749	3,369606	7,377	12,66	16,501	30,26166667	8,5	-5,3692	3,9324	18,144	-12,66	-4,16
Prod2	31/12/2025	20Y	240	53332	3,0293	3,15217	3,20157	3,238	3,38371	7,823	12,679	16,216	30,347	8,5	-4,94	3,643	18,214	-12,679	-4,179
Prod2	31/12/2025	21Y	252	53699	3,03946	3,163342	3,210746	3,24518	3,393284	8,004	12,6622	15,915	30,369	8,5	-4,7404	3,4434	18,2538	-12,6622	-4,1622
Prod2	31/12/2025	22Y	264	54063	3,04666	3,171944	3,217352	3,24979	3,400288	8,185	12,6454	15,656	30,391	8,5	-4,5408	3,2438	18,2936	-12,6454	-4,1454
Prod2	31/12/2025	23Y	276	54428	3,05164	3,178996	3,222408	3,25285	3,405742	8,366	12,6286	15,44	30,413	8,5	-4,3412	3,0442	18,3334	-12,6286	-4,1286
Prod2	31/12/2025	24Y	288	54793	3,05488	3,184488	3,225904	3,25435	3,409636	8,547	12,6118	15,27	30,435	8,5	-4,1416	2,8446	18,3732	-12,6118	-4,1118
Prod2	31/12/2025	25Y	300	55158	3,0568	3,18913	3,22855	3,255	3,41268	8,728	12,595	15,148	30,457	8,5	-3,942	2,645	18,413	-12,595	-4,095
Prod2	31/12/2025	26Y	312	55523	3,0567	3,191754	3,229678	3,25483	3,414308	8,857	12,5756	15,001	30,4868	8,5	-3,7924	2,5152	18,463	-12,5756	-4,0756
Prod2	31/12/2025	27Y	324	55890	3,0566	3,193768	3,230196	3,25405	3,415326	8,986	12,5562	14,854	30,5166	8,5	-3,6428	2,3854	18,513	-12,5562	-4,0562
Prod2	31/12/2025	28Y	336	56254	3,0565	3,194852	3,229784	3,25234	3,415414	9,115	12,5368	14,707	30,5464	8,5	-3,4932	2,2556	18,563	-12,5368	-4,0368
Prod2	31/12/2025	29Y	348	56619	3,0564	3,195276	3,228712	3,24997	3,414842	9,244	12,5174	14,56	30,5762	8,5	-3,3436	2,1258	18,613	-12,5174	-4,0174
Prod2	31/12/2025	30Y	360	56984	3,0563	3,1951	3,22704	3,247	3,41367	9,373	12,498	14,413	30,606	8,5	-3,194	1,996	18,663	-12,498	-3,998
Prod2	31/12/2025	35Y	420	58811	3,0447	3,18707	3,20928	3,225	3,40066	8,834	11,542	13,042	29,246	8,5	-2,221	1,572	19,138	-11,542	-3,042
Prod2	31/12/2025	40Y	480	60637	3,0331	3,17704	3,18952	3,201	3,38565	8,817	11,106	12,191	28,402	8,5	-1,248	1,148	19,613	-11,106	-2,606
Prod2	31/12/2025	50Y	600	64290	2,9706	3,12998	3,12101	3,126	3,32863	8,462	10,605	11,054	27,081	8,5	0,897	0,499	20,762	-10,605	-2,105
Prod2	31/12/2025	60Y	720	67944	2,91664	3,09992	3,0695	3,068	3,28861	8,462	10,605	10,73	27,081	8,5	3,042	-0,15	21,911	-10,605	-2,105
